##TITLE= Parameter file, TOPSPIN		Version 1.3
##JCAMPDX= 5.0
##DATATYPE= Parameter Values
##ORIGIN= Bruker BioSpin GmbH
##OWNER= Administrator
$$ 2007-02-08 16:56:37.850 -0700  nmrsu@granada
$$ /opt/topspin/conf/instr/av600/uxnmr.par
##$ACB= 1
##$ACBTAT= (0..15)
0 88 72 88 50 0 0 0 0 0 0 0 0 0 0 0 
##$ACBTBA= (0..15)
0 40 30 90 0 0 0 0 0 0 0 0 0 0 0 0 
##$ACBTCTL= (0..15)
0 1 1 1 0 0 0 0 0 0 0 0 0 0 0 0 
##$ACBTDI= (0..15)
0 70 70 72 73 0 0 0 0 0 0 0 0 0 0 0 
##$ACBTDM= (0..15)
0 10 25 10 0 0 0 0 0 0 0 0 0 0 0 0 
##$ACBTFHI= (0..15)
0 243 600 365 0 0 0 0 0 0 0 0 0 0 0 0 
##$ACBTFL= (0..15)
0 249 250 249 8 0 0 0 0 0 0 0 0 0 0 0 
##$ACBTFLO= (0..15)
0 6 180 6 0 0 0 0 0 0 0 0 0 0 0 0 
##$ACBTOUT= (0..15)
0 2 1 1 0 0 0 0 0 0 0 0 0 0 0 0 
##$ACBTPO= (0..15)
0 300000 100000 300000 20000 0 0 0 0 0 0 0 0 0 0 0 
##$ACBTPW= (0..15)
0 1000 1000 1000 0 0 0 0 0 0 0 0 0 0 0 0 
##$ACBTSB= (0..15)
0 0 0 0 0 0 0 0 0 0 0 0 0 0 0 0 
##$ACBTY= <tty20>
##$AQSBDHW= (0..31)
255 255 2 1 4 4 4 4 0 0 255 255 255 255 255 255 255 255 255 255 255 0 
255 255 255 0 255 255 255 255 255 255 
##$AQSBDID= (0..31)
255 255 82 88 83 83 83 83 89 89 255 255 255 255 255 255 255 255 255 255 
255 80 255 255 255 66 255 255 255 255 255 255 
##$AQSBDNO= (0..31)
255 255 1 1 1 2 3 4 1 2 255 255 255 255 255 255 255 255 255 255 255 1 
255 255 255 1 255 255 255 255 255 255 
##$AQSBDTY= (0..31)
255 255 66 192 24 24 24 24 4 4 255 255 255 255 255 255 255 255 255 255 
255 10 255 255 255 7 255 255 255 255 255 255 
##$AQSBUAD= (0..31)
255 255 16 52 36 37 38 39 60 61 255 255 255 255 255 255 255 255 255 255 
255 33 255 255 255 32 255 255 255 255 255 255 
##$AQSECL= (0..31)
255 255 1 0 2 1 2 2 1 1 255 255 255 255 255 255 255 255 255 255 255 1 
255 255 255 255 255 255 255 255 255 255 
##$AQSECLS= (0..31)
255 255 1 4 0 2 1 0 0 0 255 255 255 255 255 255 255 255 255 255 255 0 
255 255 255 255 255 255 255 255 255 255 
##$ATT19F= (0..1)
0 0 
##$ATT1H= (0..1)
0 0 
##$ATT3H= (0..1)
0 0 
##$ATTX= (0..1)
0 0 
##$ATTY= (0..1)
0 0 
##$ATTZ= (0..1)
0 0 
##$BACSAIR= yes
##$BACSCAP= 0
##$BACSDEL= 10
##$BACSFCM= no
##$BACSOPT= <>
##$BACSTY= <no>
##$BARPTY= <no>
##$BFREQ= 600.33
##$BIRDS= yes
##$BMPC= 0
##$BMPCTY= <no>
##$BPSUTY= <no>
##$BSMS= 1
##$BSMSTY= <tty02>
##$CFASMOD= (0..7)
1 1 1 1 1 1 1 1 
##$CFASMUL= (0..7)
1 1 1 1 1 1 1 1 
##$CNFTXDR= (0..7)
6 6 6 6 0 0 0 0 
##$COMDIG2= 0
##$CPDBTY= <no>
##$CRCOTY= <no>
##$DATSTAT= no
##$DIGI140= (0..7)
0 0 0 0 0 0 0 0 
##$DIGIB12= (0..7)
0 0 0 0 0 0 0 0 
##$DIGIB16= (0..7)
0 0 0 0 0 0 0 0 
##$DIGIFA= (0..7)
0 0 0 0 0 0 0 0 
##$DIGIHA= (0..7)
0 0 0 0 0 0 0 0 
##$DIGIHAF= (0..7)
0 0 0 0 0 0 0 0 
##$DIGIHRD= (0..7)
0 0 0 0 0 0 0 0 
##$DIGIIA= (0..7)
0 0 0 0 0 0 0 0 
##$DIGIO16= (0..7)
0 0 0 0 0 0 0 0 
##$DIGISA= (0..7)
0 0 0 0 0 0 0 0 
##$DIGISAF= (0..7)
0 0 0 0 0 0 0 0 
##$DIGISL= (0..7)
0 0 0 0 0 0 0 0 
##$DIGITYI= (0..7)
0 0 0 0 0 0 0 0 
##$DIGITYP= (0..7)
0 0 0 0 0 0 0 0 
##$DIGITZ= 0
##$DRU= yes
##$FCUMEM= (0..7)
2093056 2093056 2093056 2093056 0 0 0 0 
##$FCUPAL= (0..7)
260 260 260 260 0 0 0 0 
##$FQMIX= 0
##$FUNCMOD= <>
##$GCUTYPE= 2
##$GTUTY= <no>
##$HFAC= 3
##$HPCU= 0
##$HPCUTY= <no>
##$HPTXLP= (0..3)
-1 -1 -1 -1 
##$HPTXPI= (0..3)
0 0 0 0 
##$HPTXPO= (0..3)
0 0 0 0 
##$HPTXTY= (0..3)
0 0 0 0 
##$IF451= 0
##$IFREQ= 1
##$INTFPR= 0
##$IPSO= no
##$LOCKTY= <tty03>
##$LOCSWID= 0
##$M2FAC= 0
##$MASTY= <no>
##$MEMPRM= 0
##$MHFAC= 0
##$MXFAC= 0
##$NAMPD1= <1H LNA>
##$NAMPD10= <>
##$NAMPD11= <>
##$NAMPD12= <>
##$NAMPD13= <>
##$NAMPD14= <>
##$NAMPD15= <>
##$NAMPD16= <>
##$NAMPD2= <XBB19F 2HS>
##$NAMPD3= <XBB19F 2HS>
##$NAMPD4= <2H>
##$NAMPD5= <>
##$NAMPD6= <>
##$NAMPD7= <>
##$NAMPD8= <>
##$NAMPD9= <>
##$NFCU= 4
##$NMRCH= 2
##$NMRMEM= 16384
##$NRCU= 1
##$NROUT= 2
##$PAMPF1= (0..15)
75 24 64 64 96 0 0 0 0 0 0 0 0 0 0 0 
##$PAMPF2= (0..15)
0 0 0 0 0 0 0 0 0 0 0 0 0 0 0 0 
##$PAMPF3= (0..15)
0 0 0 0 0 0 0 0 0 0 0 0 0 0 0 0 
##$PAMPF4= (0..15)
0 0 0 0 0 0 0 0 0 0 0 0 0 0 0 0 
##$PAMPF5= (0..15)
0 0 0 0 0 0 0 0 0 0 0 0 0 0 0 0 
##$PAMPF6= (0..15)
0 0 0 0 0 0 0 0 0 0 0 0 0 0 0 0 
##$PAMPF7= (0..15)
0 0 0 0 0 0 0 0 0 0 0 0 0 0 0 0 
##$PAMPF8= (0..15)
0 0 0 0 0 0 0 0 0 0 0 0 0 0 0 0 
##$PH4= 0
##$PHF4TY= <no>
##$POWCHK= no
##$PRAMD1= (0..7)
2 0 0 536870912 0 0 0 0 
##$PRAMD10= (0..7)
0 0 0 0 0 0 0 0 
##$PRAMD11= (0..7)
0 0 0 0 0 0 0 0 
##$PRAMD12= (0..7)
0 0 0 0 0 0 0 0 
##$PRAMD13= (0..7)
0 0 0 0 0 0 0 0 
##$PRAMD14= (0..7)
0 0 0 0 0 0 0 0 
##$PRAMD15= (0..7)
0 0 0 0 0 0 0 0 
##$PRAMD16= (0..7)
0 0 0 0 0 0 0 0 
##$PRAMD17= (0..7)
0 0 0 0 0 0 0 0 
##$PRAMD18= (0..7)
0 0 0 0 0 0 0 0 
##$PRAMD19= (0..7)
0 0 0 0 0 0 0 0 
##$PRAMD2= (0..7)
2147483644 2131230719 2147483647 671088639 0 0 0 0 
##$PRAMD20= (0..7)
0 0 0 0 0 0 0 0 
##$PRAMD21= (0..7)
0 0 0 0 0 0 0 0 
##$PRAMD3= (0..7)
2147483644 2131230719 2147483647 671088639 0 0 0 0 
##$PRAMD4= (0..7)
0 1048576 0 536870912 0 1048576 0 536870912 
##$PRAMD5= (0..7)
0 0 0 0 0 0 0 0 
##$PRAMD6= (0..7)
0 0 0 0 0 0 0 0 
##$PRAMD7= (0..7)
0 0 0 0 0 0 0 0 
##$PRAMD8= (0..7)
0 0 0 0 0 0 0 0 
##$PRAMD9= (0..7)
0 0 0 0 0 0 0 0 
##$PRAMLED= (0..1)
15 15 
##$PRAMP1= <tty10>
##$PRAMP2= <no>
##$PRAMP3= <no>
##$PRAMP4= <no>
##$PRAMP5= <no>
##$PRAMP6= <no>
##$PRAMP7= <no>
##$PRAMP8= <no>
##$PRAMPTP= 1
##$PREPTY= <tty06>
##$PRESHLD= 0
##$PTS160= -1
##$PTSA2X= (0..7)
0 0 0 0 0 0 0 0 
##$PTSF2X= (0..7)
0 0 0 0 0 0 0 0 
##$PTSFMX= (0..7)
643.52499 643.52499 642.9 643.52499 0 0 0 0 
##$PULCHK= no
##$RCUCDS= (0..7)
0 0 0 0 0 0 0 0 
##$RCUCFS= (0..7)
0 0 0 0 0 0 0 0 
##$RCUCSS= (0..7)
0 0 0 0 0 0 0 0 
##$RCUI2C1= (0..7)
0 0 0 0 0 0 0 0 
##$RCUI2C2= (0..7)
0 0 0 0 0 0 0 0 
##$RCUI2C3= (0..7)
0 0 0 0 0 0 0 0 
##$RCUI2C4= (0..7)
0 0 0 0 0 0 0 0 
##$RCUI2C5= (0..7)
0 0 0 0 0 0 0 0 
##$RCUI2C6= (0..7)
0 0 0 0 0 0 0 0 
##$RCUI2C7= (0..7)
0 0 0 0 0 0 0 0 
##$RCUI2C8= (0..7)
0 0 0 0 0 0 0 0 
##$RDCU= 0
##$RGTYPE= (0..7)
9 0 0 0 0 0 0 0 
##$RG_max= (0..7)
2050 0 0 0 0 0 0 0 
##$RG_min= (0..7)
0.25 0 0 0 0 0 0 0 
##$RG_tab1= (0..255)
0.25 0.280000001192093 0.319999992847443 0.349999994039536 0.400000005960464 
0.439999997615814 0.5 0.560000002384186 0.639999985694885 0.699999988079071 
0.800000011920929 0.889999985694885 1 1.12000000476837 1.27999997138977 
1.39999997615814 1.60000002384186 1.77999997138977 2 2.25 2.55999994277954 
2.79999995231628 3.20000004768372 3.55999994277954 4 4.5 5 5.59999990463257 
6.34999990463257 7.11999988555908 8 9 10 11.3000001907349 12.6999998092651 
14.1999998092651 16 18 20.2000007629395 22.6000003814697 25.3999996185303 
28.5 32 36 40.2999992370605 45.2000007629395 50.7999992370605 57 64 71.8000030517578 
80.5999984741211 90.5 101 114 128 144 161 181 203 228 256 287 322 362 
406 456 512 575 645 724 812 912 1030 1150 1290 1440 1620 1820 2050 -1 
-1 -1 -1 -1 -1 -1 -1 -1 -1 -1 -1 -1 -1 -1 -1 -1 -1 -1 -1 -1 -1 -1 -1 -1 
-1 -1 -1 -1 -1 -1 -1 -1 -1 -1 -1 -1 -1 -1 -1 -1 -1 -1 -1 -1 -1 -1 -1 -1 
-1 -1 -1 -1 -1 -1 -1 -1 -1 -1 -1 -1 -1 -1 -1 -1 -1 -1 -1 -1 -1 -1 -1 -1 
-1 -1 -1 -1 -1 -1 -1 -1 -1 -1 -1 -1 -1 -1 -1 -1 -1 -1 -1 -1 -1 -1 -1 -1 
-1 -1 -1 -1 -1 -1 -1 -1 -1 -1 -1 -1 -1 -1 -1 -1 -1 -1 -1 -1 -1 -1 -1 -1 
-1 -1 -1 -1 -1 -1 -1 -1 -1 -1 -1 -1 -1 -1 -1 -1 -1 -1 -1 -1 -1 -1 -1 -1 
-1 -1 -1 -1 -1 -1 -1 -1 -1 -1 -1 -1 -1 -1 -1 -1 -1 -1 -1 -1 -1 -1 -1 -1 
-1 -1 -1 -1 -1 -1 -1 -1 
##$RG_tab2= (0..255)
-1 -1 -1 -1 -1 -1 -1 -1 -1 -1 -1 -1 -1 -1 -1 -1 -1 -1 -1 -1 -1 -1 -1 -1 
-1 -1 -1 -1 -1 -1 -1 -1 -1 -1 -1 -1 -1 -1 -1 -1 -1 -1 -1 -1 -1 -1 -1 -1 
-1 -1 -1 -1 -1 -1 -1 -1 -1 -1 -1 -1 -1 -1 -1 -1 -1 -1 -1 -1 -1 -1 -1 -1 
-1 -1 -1 -1 -1 -1 -1 -1 -1 -1 -1 -1 -1 -1 -1 -1 -1 -1 -1 -1 -1 -1 -1 -1 
-1 -1 -1 -1 -1 -1 -1 -1 -1 -1 -1 -1 -1 -1 -1 -1 -1 -1 -1 -1 -1 -1 -1 -1 
-1 -1 -1 -1 -1 -1 -1 -1 -1 -1 -1 -1 -1 -1 -1 -1 -1 -1 -1 -1 -1 -1 -1 -1 
-1 -1 -1 -1 -1 -1 -1 -1 -1 -1 -1 -1 -1 -1 -1 -1 -1 -1 -1 -1 -1 -1 -1 -1 
-1 -1 -1 -1 -1 -1 -1 -1 -1 -1 -1 -1 -1 -1 -1 -1 -1 -1 -1 -1 -1 -1 -1 -1 
-1 -1 -1 -1 -1 -1 -1 -1 -1 -1 -1 -1 -1 -1 -1 -1 -1 -1 -1 -1 -1 -1 -1 -1 
-1 -1 -1 -1 -1 -1 -1 -1 -1 -1 -1 -1 -1 -1 -1 -1 -1 -1 -1 -1 -1 -1 -1 -1 
-1 -1 -1 -1 -1 -1 -1 -1 -1 -1 -1 -1 -1 -1 -1 -1 
##$RG_tab3= (0..255)
-1 -1 -1 -1 -1 -1 -1 -1 -1 -1 -1 -1 -1 -1 -1 -1 -1 -1 -1 -1 -1 -1 -1 -1 
-1 -1 -1 -1 -1 -1 -1 -1 -1 -1 -1 -1 -1 -1 -1 -1 -1 -1 -1 -1 -1 -1 -1 -1 
-1 -1 -1 -1 -1 -1 -1 -1 -1 -1 -1 -1 -1 -1 -1 -1 -1 -1 -1 -1 -1 -1 -1 -1 
-1 -1 -1 -1 -1 -1 -1 -1 -1 -1 -1 -1 -1 -1 -1 -1 -1 -1 -1 -1 -1 -1 -1 -1 
-1 -1 -1 -1 -1 -1 -1 -1 -1 -1 -1 -1 -1 -1 -1 -1 -1 -1 -1 -1 -1 -1 -1 -1 
-1 -1 -1 -1 -1 -1 -1 -1 -1 -1 -1 -1 -1 -1 -1 -1 -1 -1 -1 -1 -1 -1 -1 -1 
-1 -1 -1 -1 -1 -1 -1 -1 -1 -1 -1 -1 -1 -1 -1 -1 -1 -1 -1 -1 -1 -1 -1 -1 
-1 -1 -1 -1 -1 -1 -1 -1 -1 -1 -1 -1 -1 -1 -1 -1 -1 -1 -1 -1 -1 -1 -1 -1 
-1 -1 -1 -1 -1 -1 -1 -1 -1 -1 -1 -1 -1 -1 -1 -1 -1 -1 -1 -1 -1 -1 -1 -1 
-1 -1 -1 -1 -1 -1 -1 -1 -1 -1 -1 -1 -1 -1 -1 -1 -1 -1 -1 -1 -1 -1 -1 -1 
-1 -1 -1 -1 -1 -1 -1 -1 -1 -1 -1 -1 -1 -1 -1 -1 
##$RG_tab4= (0..255)
-1 -1 -1 -1 -1 -1 -1 -1 -1 -1 -1 -1 -1 -1 -1 -1 -1 -1 -1 -1 -1 -1 -1 -1 
-1 -1 -1 -1 -1 -1 -1 -1 -1 -1 -1 -1 -1 -1 -1 -1 -1 -1 -1 -1 -1 -1 -1 -1 
-1 -1 -1 -1 -1 -1 -1 -1 -1 -1 -1 -1 -1 -1 -1 -1 -1 -1 -1 -1 -1 -1 -1 -1 
-1 -1 -1 -1 -1 -1 -1 -1 -1 -1 -1 -1 -1 -1 -1 -1 -1 -1 -1 -1 -1 -1 -1 -1 
-1 -1 -1 -1 -1 -1 -1 -1 -1 -1 -1 -1 -1 -1 -1 -1 -1 -1 -1 -1 -1 -1 -1 -1 
-1 -1 -1 -1 -1 -1 -1 -1 -1 -1 -1 -1 -1 -1 -1 -1 -1 -1 -1 -1 -1 -1 -1 -1 
-1 -1 -1 -1 -1 -1 -1 -1 -1 -1 -1 -1 -1 -1 -1 -1 -1 -1 -1 -1 -1 -1 -1 -1 
-1 -1 -1 -1 -1 -1 -1 -1 -1 -1 -1 -1 -1 -1 -1 -1 -1 -1 -1 -1 -1 -1 -1 -1 
-1 -1 -1 -1 -1 -1 -1 -1 -1 -1 -1 -1 -1 -1 -1 -1 -1 -1 -1 -1 -1 -1 -1 -1 
-1 -1 -1 -1 -1 -1 -1 -1 -1 -1 -1 -1 -1 -1 -1 -1 -1 -1 -1 -1 -1 -1 -1 -1 
-1 -1 -1 -1 -1 -1 -1 -1 -1 -1 -1 -1 -1 -1 -1 -1 
##$RG_tab5= (0..255)
-1 -1 -1 -1 -1 -1 -1 -1 -1 -1 -1 -1 -1 -1 -1 -1 -1 -1 -1 -1 -1 -1 -1 -1 
-1 -1 -1 -1 -1 -1 -1 -1 -1 -1 -1 -1 -1 -1 -1 -1 -1 -1 -1 -1 -1 -1 -1 -1 
-1 -1 -1 -1 -1 -1 -1 -1 -1 -1 -1 -1 -1 -1 -1 -1 -1 -1 -1 -1 -1 -1 -1 -1 
-1 -1 -1 -1 -1 -1 -1 -1 -1 -1 -1 -1 -1 -1 -1 -1 -1 -1 -1 -1 -1 -1 -1 -1 
-1 -1 -1 -1 -1 -1 -1 -1 -1 -1 -1 -1 -1 -1 -1 -1 -1 -1 -1 -1 -1 -1 -1 -1 
-1 -1 -1 -1 -1 -1 -1 -1 -1 -1 -1 -1 -1 -1 -1 -1 -1 -1 -1 -1 -1 -1 -1 -1 
-1 -1 -1 -1 -1 -1 -1 -1 -1 -1 -1 -1 -1 -1 -1 -1 -1 -1 -1 -1 -1 -1 -1 -1 
-1 -1 -1 -1 -1 -1 -1 -1 -1 -1 -1 -1 -1 -1 -1 -1 -1 -1 -1 -1 -1 -1 -1 -1 
-1 -1 -1 -1 -1 -1 -1 -1 -1 -1 -1 -1 -1 -1 -1 -1 -1 -1 -1 -1 -1 -1 -1 -1 
-1 -1 -1 -1 -1 -1 -1 -1 -1 -1 -1 -1 -1 -1 -1 -1 -1 -1 -1 -1 -1 -1 -1 -1 
-1 -1 -1 -1 -1 -1 -1 -1 -1 -1 -1 -1 -1 -1 -1 -1 
##$RG_tab6= (0..255)
-1 -1 -1 -1 -1 -1 -1 -1 -1 -1 -1 -1 -1 -1 -1 -1 -1 -1 -1 -1 -1 -1 -1 -1 
-1 -1 -1 -1 -1 -1 -1 -1 -1 -1 -1 -1 -1 -1 -1 -1 -1 -1 -1 -1 -1 -1 -1 -1 
-1 -1 -1 -1 -1 -1 -1 -1 -1 -1 -1 -1 -1 -1 -1 -1 -1 -1 -1 -1 -1 -1 -1 -1 
-1 -1 -1 -1 -1 -1 -1 -1 -1 -1 -1 -1 -1 -1 -1 -1 -1 -1 -1 -1 -1 -1 -1 -1 
-1 -1 -1 -1 -1 -1 -1 -1 -1 -1 -1 -1 -1 -1 -1 -1 -1 -1 -1 -1 -1 -1 -1 -1 
-1 -1 -1 -1 -1 -1 -1 -1 -1 -1 -1 -1 -1 -1 -1 -1 -1 -1 -1 -1 -1 -1 -1 -1 
-1 -1 -1 -1 -1 -1 -1 -1 -1 -1 -1 -1 -1 -1 -1 -1 -1 -1 -1 -1 -1 -1 -1 -1 
-1 -1 -1 -1 -1 -1 -1 -1 -1 -1 -1 -1 -1 -1 -1 -1 -1 -1 -1 -1 -1 -1 -1 -1 
-1 -1 -1 -1 -1 -1 -1 -1 -1 -1 -1 -1 -1 -1 -1 -1 -1 -1 -1 -1 -1 -1 -1 -1 
-1 -1 -1 -1 -1 -1 -1 -1 -1 -1 -1 -1 -1 -1 -1 -1 -1 -1 -1 -1 -1 -1 -1 -1 
-1 -1 -1 -1 -1 -1 -1 -1 -1 -1 -1 -1 -1 -1 -1 -1 
##$RG_tab7= (0..255)
-1 -1 -1 -1 -1 -1 -1 -1 -1 -1 -1 -1 -1 -1 -1 -1 -1 -1 -1 -1 -1 -1 -1 -1 
-1 -1 -1 -1 -1 -1 -1 -1 -1 -1 -1 -1 -1 -1 -1 -1 -1 -1 -1 -1 -1 -1 -1 -1 
-1 -1 -1 -1 -1 -1 -1 -1 -1 -1 -1 -1 -1 -1 -1 -1 -1 -1 -1 -1 -1 -1 -1 -1 
-1 -1 -1 -1 -1 -1 -1 -1 -1 -1 -1 -1 -1 -1 -1 -1 -1 -1 -1 -1 -1 -1 -1 -1 
-1 -1 -1 -1 -1 -1 -1 -1 -1 -1 -1 -1 -1 -1 -1 -1 -1 -1 -1 -1 -1 -1 -1 -1 
-1 -1 -1 -1 -1 -1 -1 -1 -1 -1 -1 -1 -1 -1 -1 -1 -1 -1 -1 -1 -1 -1 -1 -1 
-1 -1 -1 -1 -1 -1 -1 -1 -1 -1 -1 -1 -1 -1 -1 -1 -1 -1 -1 -1 -1 -1 -1 -1 
-1 -1 -1 -1 -1 -1 -1 -1 -1 -1 -1 -1 -1 -1 -1 -1 -1 -1 -1 -1 -1 -1 -1 -1 
-1 -1 -1 -1 -1 -1 -1 -1 -1 -1 -1 -1 -1 -1 -1 -1 -1 -1 -1 -1 -1 -1 -1 -1 
-1 -1 -1 -1 -1 -1 -1 -1 -1 -1 -1 -1 -1 -1 -1 -1 -1 -1 -1 -1 -1 -1 -1 -1 
-1 -1 -1 -1 -1 -1 -1 -1 -1 -1 -1 -1 -1 -1 -1 -1 
##$RG_tab8= (0..255)
-1 -1 -1 -1 -1 -1 -1 -1 -1 -1 -1 -1 -1 -1 -1 -1 -1 -1 -1 -1 -1 -1 -1 -1 
-1 -1 -1 -1 -1 -1 -1 -1 -1 -1 -1 -1 -1 -1 -1 -1 -1 -1 -1 -1 -1 -1 -1 -1 
-1 -1 -1 -1 -1 -1 -1 -1 -1 -1 -1 -1 -1 -1 -1 -1 -1 -1 -1 -1 -1 -1 -1 -1 
-1 -1 -1 -1 -1 -1 -1 -1 -1 -1 -1 -1 -1 -1 -1 -1 -1 -1 -1 -1 -1 -1 -1 -1 
-1 -1 -1 -1 -1 -1 -1 -1 -1 -1 -1 -1 -1 -1 -1 -1 -1 -1 -1 -1 -1 -1 -1 -1 
-1 -1 -1 -1 -1 -1 -1 -1 -1 -1 -1 -1 -1 -1 -1 -1 -1 -1 -1 -1 -1 -1 -1 -1 
-1 -1 -1 -1 -1 -1 -1 -1 -1 -1 -1 -1 -1 -1 -1 -1 -1 -1 -1 -1 -1 -1 -1 -1 
-1 -1 -1 -1 -1 -1 -1 -1 -1 -1 -1 -1 -1 -1 -1 -1 -1 -1 -1 -1 -1 -1 -1 -1 
-1 -1 -1 -1 -1 -1 -1 -1 -1 -1 -1 -1 -1 -1 -1 -1 -1 -1 -1 -1 -1 -1 -1 -1 
-1 -1 -1 -1 -1 -1 -1 -1 -1 -1 -1 -1 -1 -1 -1 -1 -1 -1 -1 -1 -1 -1 -1 -1 
-1 -1 -1 -1 -1 -1 -1 -1 -1 -1 -1 -1 -1 -1 -1 -1 
##$ROUTER= 2
##$RX22TY= <no>
##$SCMTY= <no>
##$SPECTR= 5
##$SY2FLAG= 0
##$TFXNUM= 0
##$TRIPLO2= 0
##$VTUTY= <tty05>
##$WBREFAM= (0..15)
100 100 100 100 100 100 100 100 100 100 100 100 100 100 100 100 
##$WBREFPH= (0..15)
0 0 0 0 0 0 0 0 0 0 0 0 0 0 0 0 
##$XFAC= 2
##END=
